100
2 0 1
2 0 1
2 0 1
2 0 1
2 0 1
2 0 1
2 0 1
2 0 1
2 0 1
2 0 1
2 0 1
2 0 1
2 0 1
2 0 1
2 0 1
2 0 1
2 0 1
2 0 1
2 0 1
2 0 1
2 0 1
2 0 1
2 0 1
2 0 1
2 0 1
2 0 1
2 0 1
2 0 1
2 0 1
2 0 1
2 0 1
2 0 1
2 0 1
2 0 1
2 0 1
2 0 1
2 0 1
2 0 1
2 0 1
2 0 1
2 0 1
2 0 1
2 0 1
2 0 1
2 0 1
2 0 1
2 0 1
2 0 1
2 0 1
2 0 1
2 0 1
2 0 1
2 0 1
2 0 1
2 0 1
2 0 1
2 0 1
2 0 1
2 0 1
2 0 1
2 0 1
2 0 1
2 0 1
2 0 1
2 0 1
2 0 1
2 0 1
2 0 1
2 0 1
2 0 1
2 0 1
2 0 1
2 0 1
2 0 1
2 0 1
2 0 1
2 0 1
2 0 1
2 0 1
2 0 1
2 0 1
2 0 1
2 0 1
2 0 1
2 0 1
2 0 1
2 0 1
2 0 1
2 0 1
2 0 1
2 0 1
2 0 1
2 0 1
2 0 1
2 0 1
2 0 1
2 0 1
2 0 1
2 0 1
2 0 1
430
I
3 3 19 30
1 1 1 0
I
3 31 42 89
1 0 1 0
I
3 1 10 38
1 0 0 0
I
3 2 21 98
1 0 1 1
I
3 36 56 78
1 0 0 1
I
3 14 59 87
1 0 1 1
I
3 75 86 89
1 1 1 0
I
3 4 20 80
1 0 1 1
I
3 55 63 90
1 1 1 0
I
3 9 59 75
1 0 0 0
I
3 5 31 97
1 1 0 1
I
3 35 48 58
1 1 0 0
I
3 16 28 84
1 0 0 0
I
3 4 65 94
1 1 0 0
I
3 7 23 72
1 0 1 1
I
3 18 55 64
1 0 1 1
I
3 3 35 96
1 0 1 1
I
3 65 83 89
1 1 0 0
I
3 8 28 60
1 0 1 1
I
3 14 34 50
1 1 0 0
I
3 35 47 64
1 1 1 0
I
3 19 57 93
1 1 0 0
I
3 52 94 99
1 0 1 0
I
3 10 48 59
1 0 0 1
I
3 44 76 78
1 1 0 1
I
3 48 52 63
1 1 0 1
I
3 68 84 88
1 1 0 1
I
3 10 76 88
1 0 1 0
I
3 81 88 92
1 1 1 0
I
3 42 44 66
1 0 0 0
I
3 45 74 98
1 1 0 1
I
3 8 24 84
1 1 1 1
I
3 48 53 75
1 1 0 1
I
3 6 50 70
1 1 0 0
I
3 60 75 90
1 1 0 0
I
3 58 60 93
1 0 1 1
I
3 64 71 73
1 0 1 0
I
3 12 54 92
1 1 0 0
I
3 25 59 70
1 0 1 0
I
3 7 36 42
1 0 1 1
I
3 16 90 96
1 1 1 0
I
3 35 72 97
1 1 0 1
I
3 44 66 81
1 0 1 1
I
3 10 14 82
1 0 0 0
I
3 8 33 69
1 0 1 1
I
3 6 54 67
1 0 0 1
I
3 8 91 92
1 1 1 0
I
3 25 32 99
1 1 0 1
I
3 5 50 83
1 0 1 0
I
3 53 84 85
1 0 0 0
I
3 1 7 90
1 0 0 1
I
3 19 44 50
1 0 1 0
I
3 21 27 43
1 0 0 0
I
3 13 55 57
1 1 1 0
I
3 11 52 100
1 1 1 0
I
3 7 42 60
1 1 0 1
I
3 6 13 78
1 0 1 0
I
3 16 73 92
1 0 0 1
I
3 30 55 92
1 0 1 0
I
3 36 47 70
1 0 1 1
I
3 52 71 95
1 0 0 1
I
3 70 90 99
1 0 0 0
I
3 26 53 95
1 1 0 0
I
3 42 43 59
1 1 1 0
I
3 2 51 67
1 0 0 0
I
3 1 19 25
1 0 1 0
I
3 2 10 45
1 0 0 1
I
3 38 60 66
1 0 1 0
I
3 13 52 63
1 1 0 1
I
3 16 19 80
1 1 1 0
I
3 11 68 77
1 0 1 1
I
3 25 70 89
1 0 0 0
I
3 68 75 80
1 1 1 0
I
3 11 28 41
1 0 1 0
I
3 1 27 92
1 1 1 0
I
3 21 61 91
1 0 0 0
I
3 25 28 84
1 0 0 1
I
3 77 86 97
1 0 1 1
I
3 1 26 39
1 1 0 1
I
3 49 69 88
1 0 0 0
I
3 7 20 33
1 1 0 0
I
3 6 32 45
1 0 0 1
I
3 6 63 80
1 0 1 0
I
3 32 48 78
1 0 1 1
I
3 9 44 45
1 1 1 1
I
3 64 90 93
1 0 0 0
I
3 37 57 70
1 1 1 0
I
3 29 30 33
1 0 1 1
I
3 24 47 56
1 1 0 0
I
3 48 65 98
1 0 0 0
I
3 16 31 69
1 0 1 1
I
3 20 23 37
1 1 0 0
I
3 28 39 51
1 1 0 1
I
3 27 41 54
1 1 0 0
I
3 41 74 77
1 1 0 0
I
3 30 46 99
1 1 1 0
I
3 21 26 99
1 0 0 0
I
3 30 41 94
1 1 1 1
I
3 10 13 19
1 1 1 1
I
3 3 63 73
1 1 1 0
I
3 17 61 84
1 0 0 1
I
3 4 14 15
1 0 0 0
I
3 47 66 89
1 0 1 1
I
3 38 45 77
1 1 0 0
I
3 13 19 93
1 1 0 1
I
3 8 19 96
1 1 0 0
I
3 25 28 81
1 1 1 1
I
3 13 18 61
1 1 1 0
I
3 5 15 91
1 0 1 0
I
3 58 66 90
1 0 1 0
I
3 18 34 37
1 0 1 0
I
3 44 86 90
1 1 0 1
I
3 40 54 98
1 1 0 1
I
3 27 44 47
1 0 0 1
I
3 4 48 77
1 0 0 0
I
3 33 42 49
1 0 1 1
I
3 19 32 41
1 1 0 0
I
3 14 26 62
1 1 0 0
I
3 17 45 52
1 1 1 1
I
3 3 46 60
1 0 0 1
I
3 21 42 92
1 1 0 1
I
3 64 85 96
1 1 1 0
I
3 44 51 96
1 1 1 0
I
3 10 27 72
1 1 0 1
I
3 14 41 100
1 0 1 0
I
3 27 36 47
1 1 0 1
I
3 35 76 93
1 0 0 1
I
3 45 48 75
1 0 0 0
I
3 29 49 63
1 1 0 0
I
3 12 45 89
1 1 1 0
I
3 8 33 77
1 1 1 1
I
3 25 32 53
1 1 0 0
I
3 77 78 83
1 0 1 1
I
3 8 81 97
1 1 0 0
I
3 3 90 91
1 0 1 0
I
3 13 20 86
1 1 1 1
I
3 18 31 92
1 0 1 1
I
3 34 37 82
1 1 1 1
I
3 36 39 87
1 1 0 0
I
3 23 25 54
1 1 0 1
I
3 2 43 71
1 0 0 0
I
3 22 29 100
1 1 1 0
I
3 13 52 91
1 0 0 0
I
3 50 82 91
1 1 0 0
I
3 21 45 68
1 0 0 0
I
3 38 45 80
1 1 0 0
I
3 59 72 86
1 1 0 0
I
3 7 80 94
1 0 0 0
I
3 1 54 88
1 0 0 0
I
3 67 70 74
1 1 0 1
I
3 14 42 74
1 1 0 0
I
3 9 34 59
1 0 1 0
I
3 17 27 69
1 0 0 1
I
3 21 26 34
1 0 1 0
I
3 44 56 100
1 0 0 1
I
3 68 90 91
1 1 1 0
I
3 49 66 99
1 1 1 0
I
3 23 39 75
1 1 1 0
I
3 15 76 95
1 0 0 0
I
3 1 14 83
1 1 1 0
I
3 5 62 95
1 1 1 1
I
3 50 64 86
1 1 1 0
I
3 10 30 38
1 1 1 1
I
3 7 66 95
1 1 1 0
I
3 47 76 84
1 0 1 1
I
3 9 74 79
1 0 1 0
I
3 35 89 92
1 1 0 0
I
3 14 35 52
1 0 0 0
I
3 9 11 94
1 0 1 1
I
3 52 76 90
1 0 1 1
I
3 2 7 40
1 0 1 1
I
3 52 72 94
1 1 0 0
I
3 26 69 84
1 0 1 0
I
3 33 43 83
1 0 0 1
I
3 51 53 84
1 0 1 1
I
3 51 66 86
1 0 1 1
I
3 1 17 73
1 0 0 1
I
3 40 83 87
1 1 1 0
I
3 24 30 38
1 0 0 1
I
3 63 81 84
1 0 0 1
I
3 1 43 48
1 1 1 0
I
3 23 31 40
1 0 0 0
I
3 20 37 88
1 0 1 0
I
3 62 63 64
1 1 0 1
I
3 5 25 49
1 0 0 1
I
3 23 40 70
1 0 0 0
I
3 32 37 46
1 1 1 1
I
3 39 95 97
1 1 0 1
I
3 3 36 40
1 0 0 0
I
3 49 55 56
1 1 1 0
I
3 28 32 57
1 0 0 1
I
3 9 80 81
1 1 0 0
I
3 37 65 69
1 1 0 0
I
3 73 86 91
1 0 1 1
I
3 37 48 56
1 1 1 0
I
3 39 50 73
1 0 1 1
I
3 18 34 80
1 1 0 0
I
3 44 51 58
1 0 1 0
I
3 58 59 99
1 0 1 1
I
3 17 27 36
1 0 0 1
I
3 3 65 84
1 0 1 1
I
3 17 30 62
1 0 0 1
I
3 40 66 73
1 0 1 1
I
3 12 43 47
1 1 1 0
I
3 22 64 89
1 0 1 0
I
3 6 60 68
1 1 0 1
I
3 49 60 83
1 0 1 0
I
3 28 63 71
1 1 0 0
I
3 47 66 90
1 1 0 1
I
3 30 67 97
1 0 0 0
I
3 2 41 69
1 0 0 0
I
3 4 21 34
1 1 0 1
I
3 14 55 61
1 1 0 1
I
3 1 4 92
1 1 1 1
I
3 64 72 88
1 1 0 0
I
3 32 46 80
1 1 1 1
I
3 25 28 92
1 0 0 0
I
3 21 76 86
1 0 1 0
I
3 9 41 68
1 1 1 0
I
3 49 87 98
1 1 1 1
I
3 37 67 93
1 0 0 1
I
3 53 55 72
1 1 1 1
I
3 20 65 80
1 1 0 1
I
3 45 72 94
1 0 0 1
I
3 20 29 74
1 0 0 1
I
3 33 57 73
1 0 1 0
I
3 37 89 91
1 1 0 1
I
3 10 23 76
1 0 1 1
I
3 54 77 91
1 0 0 0
I
3 45 78 90
1 1 0 1
I
3 24 28 94
1 0 1 0
I
3 8 34 69
1 1 0 0
I
3 1 34 75
1 1 0 1
I
3 15 37 52
1 0 1 1
I
3 15 21 65
1 1 1 1
I
3 11 75 99
1 0 1 1
I
3 2 52 78
1 1 1 0
I
3 28 36 58
1 1 1 0
I
3 8 41 71
1 0 0 1
I
3 53 76 92
1 1 0 1
I
3 46 54 63
1 1 0 0
I
3 23 58 97
1 0 1 1
I
3 4 11 77
1 1 0 0
I
3 15 80 93
1 1 0 0
I
3 52 54 60
1 1 0 1
I
3 16 32 81
1 1 0 0
I
3 23 32 69
1 0 1 0
I
3 32 42 73
1 0 0 1
I
3 27 29 94
1 0 1 1
I
3 17 22 50
1 1 1 1
I
3 55 56 89
1 1 1 1
I
3 90 96 98
1 0 1 1
I
3 4 81 83
1 0 1 0
I
3 47 59 90
1 0 1 0
I
3 29 48 97
1 0 0 1
I
3 28 70 91
1 1 1 1
I
3 46 53 88
1 1 0 0
I
3 21 23 35
1 0 1 1
I
3 26 86 88
1 1 1 0
I
3 22 26 67
1 0 0 1
I
3 14 52 95
1 1 0 0
I
3 15 16 61
1 0 1 1
I
3 3 4 40
1 1 0 1
I
3 89 96 99
1 0 1 1
I
3 74 77 100
1 1 1 0
I
3 8 17 21
1 0 0 0
I
3 4 53 76
1 0 1 1
I
3 58 88 94
1 0 1 1
I
3 23 52 94
1 1 0 1
I
3 11 90 96
1 0 1 0
I
3 20 30 34
1 0 1 1
I
3 24 43 68
1 1 0 1
I
3 72 73 74
1 0 0 1
I
3 58 59 77
1 1 0 0
I
3 22 31 77
1 0 1 1
I
3 14 60 89
1 0 0 0
I
3 83 91 94
1 0 1 0
I
3 50 74 96
1 0 0 1
I
3 62 74 92
1 0 0 1
I
3 18 45 79
1 1 0 0
I
3 31 52 78
1 1 1 1
I
3 15 75 93
1 0 1 0
I
3 6 50 81
1 1 1 0
I
3 15 45 63
1 1 0 0
I
3 10 33 73
1 0 1 1
I
3 15 39 41
1 1 0 0
I
3 31 46 58
1 0 0 0
I
3 9 30 46
1 1 1 0
I
3 5 12 81
1 0 0 0
I
3 20 55 82
1 0 0 1
I
3 16 46 70
1 1 0 0
I
3 47 70 93
1 1 0 0
I
3 11 27 64
1 1 1 0
I
3 27 80 91
1 0 0 0
I
3 18 68 87
1 0 1 0
I
3 44 57 67
1 1 0 0
I
3 3 25 37
1 0 0 1
I
3 37 80 90
1 0 0 1
I
3 26 85 92
1 0 1 1
I
3 50 77 95
1 1 0 1
I
3 53 61 74
1 1 0 1
I
3 26 60 87
1 0 1 0
I
3 3 11 89
1 0 0 1
I
3 28 53 86
1 1 0 1
I
3 10 28 62
1 1 0 0
I
3 22 49 85
1 1 0 1
I
3 50 64 80
1 0 1 1
I
3 44 61 80
1 1 1 1
I
3 41 44 84
1 0 1 0
I
3 9 70 79
1 1 0 1
I
3 24 35 80
1 1 0 1
I
3 10 18 25
1 1 1 1
I
3 56 58 95
1 0 0 1
I
3 21 29 54
1 0 0 1
I
3 1 19 32
1 1 0 0
I
3 5 54 65
1 1 1 1
I
3 4 39 91
1 1 1 0
I
3 35 37 60
1 1 0 0
I
3 30 51 92
1 1 1 0
I
3 23 44 79
1 0 1 0
I
3 1 56 75
1 0 0 1
I
3 72 73 78
1 0 1 1
I
3 11 87 94
1 0 1 0
I
3 40 51 69
1 0 1 0
I
3 66 80 96
1 0 1 1
I
3 41 52 68
1 0 1 0
I
3 11 23 55
1 1 1 1
I
3 3 36 83
1 0 0 1
I
3 18 32 81
1 0 1 0
I
3 4 18 19
1 1 1 1
I
3 44 95 99
1 1 0 0
I
3 31 67 96
1 1 1 1
I
3 14 61 74
1 0 0 1
I
3 16 28 49
1 0 1 1
I
3 33 51 82
1 1 0 1
I
3 1 9 44
1 1 0 1
I
3 21 51 81
1 0 0 1
I
3 73 75 79
1 0 0 0
I
3 25 45 83
1 1 1 1
I
3 22 37 95
1 1 0 0
I
3 15 54 76
1 0 1 1
I
3 11 25 62
1 0 0 0
I
3 2 8 75
1 0 0 1
I
3 8 25 82
1 1 1 1
I
3 81 90 100
1 0 0 1
I
3 59 79 84
1 0 1 0
I
3 13 49 63
1 0 1 1
I
3 38 49 78
1 0 1 0
I
3 17 28 96
1 0 0 0
I
3 6 38 84
1 1 0 0
I
3 29 59 88
1 1 0 0
I
3 8 60 76
1 1 0 1
I
3 30 34 50
1 0 1 0
I
3 40 57 92
1 1 1 0
I
3 24 26 44
1 0 1 1
I
3 1 5 41
1 1 1 1
I
3 11 43 96
1 1 1 1
I
3 23 70 100
1 1 0 1
I
3 6 60 61
1 1 0 1
I
3 4 20 76
1 0 1 0
I
3 37 72 91
1 1 0 1
I
3 10 75 79
1 1 0 0
I
3 14 40 50
1 0 0 1
I
3 4 29 71
1 0 0 0
I
3 3 21 53
1 0 0 1
I
3 11 13 22
1 0 0 0
I
3 32 83 100
1 0 1 0
I
3 34 60 99
1 1 0 0
I
3 48 56 74
1 0 0 1
I
3 21 69 86
1 1 0 0
I
3 7 21 69
1 0 0 1
I
3 7 50 90
1 1 1 0
I
3 44 63 91
1 0 0 0
I
3 50 78 88
1 1 0 1
I
3 34 36 56
1 1 1 1
I
3 13 64 85
1 1 1 0
I
3 16 41 72
1 1 0 1
I
3 12 43 71
1 1 0 0
I
3 28 39 93
1 0 1 1
I
3 6 85 97
1 1 0 1
I
3 5 17 71
1 1 0 1
I
3 24 48 97
1 1 1 0
I
3 57 81 92
1 1 0 0
I
3 78 81 98
1 1 1 0
I
3 31 58 97
1 0 0 0
I
3 43 80 88
1 0 1 0
I
3 3 28 64
1 1 0 0
I
3 5 20 32
1 1 1 1
I
3 42 43 72
1 0 0 1
I
3 44 74 81
1 1 0 0
I
3 48 49 60
1 0 0 1
I
3 19 48 74
1 1 1 0
I
3 18 86 90
1 0 1 1
I
3 59 65 98
1 1 0 0
I
3 1 20 54
1 0 1 0
I
3 32 73 78
1 1 0 1
I
3 40 64 87
1 1 1 0
I
3 34 63 81
1 1 1 1
I
3 18 57 86
1 1 0 1
I
3 50 73 90
1 1 1 1
I
3 6 45 92
1 1 1 1
I
3 12 26 38
1 1 1 0
I
3 51 68 69
1 0 1 0
I
3 21 22 91
1 1 1 1
I
3 47 49 72
1 0 0 0
I
3 11 28 94
1 1 1 0
I
3 11 18 100
1 1 0 0
I
3 11 13 50
1 0 1 1
I
3 3 46 74
1 1 1 0
I
3 27 50 94
1 1 1 0
I
3 25 64 97
1 0 0 0
I
3 2 22 25
1 0 1 0
I
3 34 40 75
1 1 0 1
I
3 36 66 90
1 0 0 1
I
3 17 56 60
1 1 0 0
I
3 31 50 63
1 1 1 1
I
3 54 80 92
1 1 0 0
I
3 20 47 78
1 0 0 1
I
3 6 39 65
1 0 0 1
I
3 29 95 98
1 1 0 0
I
3 41 62 99
1 0 0 0
I
3 21 96 100
1 0 0 1
I
3 12 33 57
1 1 1 1
I
3 1 51 92
1 0 0 1
I
3 24 35 53
1 0 0 0
I
3 34 63 72
1 1 0 1
I
3 20 41 81
1 1 0 0
I
3 3 47 65
1 1 0 0
I
3 8 29 39
1 0 1 1
I
3 15 38 81
1 0 1 0
