20
2 0 1
2 0 1
2 0 1
2 0 1
2 0 1
2 0 1
2 0 1
2 0 1
2 0 1
2 0 1
2 0 1
2 0 1
2 0 1
2 0 1
2 0 1
2 0 1
2 0 1
2 0 1
2 0 1
2 0 1
91
I
3 13 14 18
1 0 1 0
I
3 14 16 17
1 0 0 0
I
3 10 15 18
1 0 1 1
I
3 8 15 17
1 1 1 1
I
3 2 10 20
1 0 0 1
I
3 3 8 19
1 0 0 1
I
3 4 15 18
1 0 1 0
I
3 8 13 16
1 0 1 0
I
3 6 9 17
1 1 0 0
I
3 4 10 20
1 1 0 0
I
3 12 15 16
1 1 1 1
I
3 3 8 16
1 0 0 1
I
3 5 11 16
1 0 0 0
I
3 4 8 15
1 1 0 1
I
3 2 6 8
1 1 1 1
I
3 1 9 10
1 1 0 0
I
3 3 12 14
1 0 1 0
I
3 9 11 12
1 1 1 1
I
3 2 9 17
1 0 0 1
I
3 4 9 14
1 1 0 0
I
3 1 12 18
1 1 1 0
I
3 1 4 13
1 0 1 0
I
3 1 13 18
1 0 0 1
I
3 3 7 8
1 1 0 1
I
3 6 9 18
1 0 1 0
I
3 6 8 14
1 1 1 1
I
3 1 7 17
1 1 1 1
I
3 11 18 19
1 0 1 0
I
3 8 11 18
1 1 0 0
I
3 1 16 19
1 0 0 0
I
3 5 6 12
1 1 0 1
I
3 5 8 12
1 0 0 1
I
3 2 4 13
1 0 0 1
I
3 10 13 20
1 1 0 0
I
3 1 16 19
1 0 0 1
I
3 6 9 16
1 0 0 0
I
3 14 17 19
1 1 0 1
I
3 13 18 20
1 1 0 1
I
3 2 7 10
1 1 0 1
I
3 8 11 13
1 1 1 1
I
3 5 8 17
1 1 1 0
I
3 9 10 18
1 0 0 1
I
3 7 11 16
1 1 1 0
I
3 1 4 6
1 1 1 1
I
3 7 10 20
1 1 0 1
I
3 8 11 20
1 0 0 1
I
3 3 9 11
1 0 0 1
I
3 1 13 15
1 1 0 1
I
3 6 9 14
1 1 1 1
I
3 1 4 7
1 0 0 0
I
3 12 15 16
1 1 1 1
I
3 5 7 8
1 1 0 0
I
3 12 17 18
1 0 1 1
I
3 3 6 11
1 0 1 0
I
3 7 9 10
1 0 1 0
I
3 4 5 16
1 1 1 1
I
3 4 8 15
1 1 1 1
I
3 7 11 15
1 0 0 1
I
3 8 15 20
1 0 1 0
I
3 6 10 17
1 1 1 0
I
3 2 12 19
1 0 1 0
I
3 6 14 15
1 1 1 0
I
3 7 16 18
1 1 1 1
I
3 2 9 18
1 1 1 0
I
3 4 6 12
1 0 0 1
I
3 6 15 17
1 0 1 1
I
3 2 10 20
1 0 0 0
I
3 1 8 13
1 1 0 0
I
3 8 14 18
1 0 1 0
I
3 5 9 20
1 1 1 1
I
3 5 10 17
1 1 0 0
I
3 6 15 19
1 1 1 1
I
3 3 4 10
1 1 0 0
I
3 3 13 18
1 1 1 1
I
3 4 5 17
1 0 1 0
I
3 6 7 20
1 0 0 1
I
3 2 11 15
1 0 1 0
I
3 4 9 18
1 0 0 1
I
3 1 3 19
1 1 1 0
I
3 10 15 19
1 1 0 0
I
3 5 9 13
1 1 0 1
I
3 9 14 19
1 1 0 0
I
3 2 11 13
1 1 0 0
I
3 2 3 16
1 1 1 1
I
3 4 17 18
1 0 0 0
I
3 6 14 15
1 1 1 1
I
3 1 8 10
1 0 1 1
I
3 3 5 7
1 1 0 0
I
3 7 10 11
1 0 0 1
I
3 4 5 11
1 0 0 1
I
3 1 11 12
1 1 0 1
