50
2 0 1
2 0 1
2 0 1
2 0 1
2 0 1
2 0 1
2 0 1
2 0 1
2 0 1
2 0 1
2 0 1
2 0 1
2 0 1
2 0 1
2 0 1
2 0 1
2 0 1
2 0 1
2 0 1
2 0 1
2 0 1
2 0 1
2 0 1
2 0 1
2 0 1
2 0 1
2 0 1
2 0 1
2 0 1
2 0 1
2 0 1
2 0 1
2 0 1
2 0 1
2 0 1
2 0 1
2 0 1
2 0 1
2 0 1
2 0 1
2 0 1
2 0 1
2 0 1
2 0 1
2 0 1
2 0 1
2 0 1
2 0 1
2 0 1
2 0 1
218
I
3 9 20 38
1 1 0 0
I
3 5 35 48
1 0 1 1
I
3 2 27 44
1 0 1 1
I
3 21 22 35
1 0 0 1
I
3 11 41 49
1 0 0 0
I
3 2 6 20
1 0 0 1
I
3 9 24 38
1 0 0 1
I
3 6 7 29
1 1 0 0
I
3 2 5 11
1 1 0 0
I
3 4 10 50
1 0 0 1
I
3 11 19 30
1 0 1 0
I
3 16 29 41
1 0 1 0
I
3 32 33 40
1 1 0 0
I
3 9 10 27
1 0 1 1
I
3 5 6 34
1 0 0 1
I
3 26 36 42
1 0 0 0
I
3 9 11 19
1 0 1 0
I
3 4 23 45
1 1 0 1
I
3 9 17 20
1 1 0 1
I
3 9 27 29
1 0 0 1
I
3 1 49 50
1 1 0 0
I
3 3 15 21
1 0 0 1
I
3 23 26 46
1 0 1 1
I
3 3 7 18
1 0 1 1
I
3 14 20 46
1 1 1 0
I
3 1 37 48
1 0 1 1
I
3 7 24 36
1 0 0 1
I
3 12 20 36
1 1 1 0
I
3 5 31 50
1 1 0 0
I
3 1 19 29
1 1 0 1
I
3 24 44 49
1 0 1 1
I
3 2 41 43
1 0 0 1
I
3 9 36 41
1 1 0 0
I
3 2 40 50
1 1 0 1
I
3 5 23 34
1 1 1 0
I
3 22 28 34
1 0 1 1
I
3 29 33 48
1 0 0 1
I
3 31 34 44
1 1 1 1
I
3 28 33 46
1 0 1 1
I
3 21 44 50
1 1 0 0
I
3 1 14 23
1 1 0 1
I
3 7 27 35
1 0 0 0
I
3 4 8 37
1 1 0 0
I
3 34 41 45
1 0 0 1
I
3 39 41 44
1 0 0 0
I
3 12 18 34
1 1 1 1
I
3 1 14 22
1 0 1 1
I
3 14 15 22
1 0 1 0
I
3 5 7 18
1 0 1 0
I
3 12 16 36
1 1 1 1
I
3 8 21 46
1 1 0 1
I
3 5 30 42
1 1 0 0
I
3 8 15 22
1 1 1 1
I
3 2 16 34
1 0 1 1
I
3 16 32 45
1 0 1 0
I
3 18 20 33
1 0 0 0
I
3 10 16 49
1 1 0 0
I
3 15 18 47
1 1 1 0
I
3 16 26 48
1 1 0 0
I
3 15 22 36
1 0 1 1
I
3 3 15 31
1 0 0 1
I
3 7 28 29
1 0 0 1
I
3 6 13 21
1 1 0 0
I
3 1 39 46
1 0 1 1
I
3 16 40 41
1 1 0 1
I
3 2 31 36
1 0 1 0
I
3 31 36 43
1 1 1 1
I
3 9 36 47
1 1 1 0
I
3 30 34 38
1 0 0 1
I
3 2 13 32
1 0 1 0
I
3 27 32 39
1 1 0 1
I
3 22 43 46
1 0 1 1
I
3 16 27 34
1 0 0 0
I
3 31 39 48
1 1 1 0
I
3 10 12 18
1 0 1 1
I
3 2 16 42
1 1 1 0
I
3 32 37 48
1 0 0 1
I
3 19 21 38
1 0 1 1
I
3 1 12 27
1 1 0 0
I
3 11 18 21
1 1 1 0
I
3 16 22 38
1 0 0 1
I
3 31 43 47
1 1 1 0
I
3 7 13 16
1 1 1 0
I
3 1 21 25
1 0 0 1
I
3 2 45 50
1 1 0 0
I
3 10 16 35
1 0 1 1
I
3 25 35 39
1 0 1 1
I
3 6 15 50
1 1 0 1
I
3 21 37 46
1 1 0 1
I
3 22 39 46
1 0 0 0
I
3 15 16 37
1 1 0 1
I
3 22 24 35
1 0 0 1
I
3 2 4 5
1 1 0 0
I
3 4 9 44
1 0 1 1
I
3 24 35 47
1 0 1 1
I
3 5 12 14
1 1 0 0
I
3 7 17 33
1 1 0 0
I
3 10 24 46
1 0 1 1
I
3 32 37 41
1 1 1 0
I
3 10 11 43
1 0 0 0
I
3 2 5 18
1 0 1 0
I
3 1 15 36
1 0 1 1
I
3 9 14 36
1 1 1 1
I
3 10 24 31
1 1 0 0
I
3 4 36 43
1 0 1 1
I
3 11 14 47
1 0 1 0
I
3 1 10 32
1 0 0 1
I
3 9 37 50
1 1 1 0
I
3 30 38 41
1 1 1 0
I
3 23 36 37
1 0 1 1
I
3 6 30 34
1 1 1 0
I
3 33 40 46
1 1 1 1
I
3 27 31 48
1 1 0 0
I
3 5 35 46
1 1 1 1
I
3 13 14 23
1 0 1 0
I
3 6 13 36
1 1 1 0
I
3 4 32 50
1 1 0 1
I
3 31 44 49
1 0 1 1
I
3 3 20 28
1 1 0 0
I
3 36 43 50
1 1 0 1
I
3 13 26 43
1 1 1 1
I
3 18 35 43
1 1 1 1
I
3 15 21 32
1 1 0 1
I
3 12 34 45
1 1 0 0
I
3 3 20 38
1 0 0 1
I
3 4 20 49
1 1 1 1
I
3 13 15 38
1 0 1 1
I
3 9 13 32
1 1 1 0
I
3 13 23 33
1 0 1 1
I
3 5 13 45
1 1 0 0
I
3 17 19 22
1 1 0 0
I
3 11 18 29
1 0 0 1
I
3 21 22 32
1 0 0 1
I
3 30 35 42
1 0 1 1
I
3 30 42 45
1 1 1 0
I
3 2 3 25
1 0 0 1
I
3 38 41 48
1 1 1 1
I
3 6 8 28
1 1 1 0
I
3 15 37 48
1 0 1 1
I
3 13 43 44
1 1 1 1
I
3 24 25 27
1 1 0 1
I
3 3 40 46
1 1 1 1
I
3 6 14 30
1 1 1 1
I
3 16 20 29
1 1 1 1
I
3 11 21 32
1 0 0 0
I
3 26 45 50
1 0 0 1
I
3 13 26 48
1 0 0 1
I
3 1 19 20
1 0 0 0
I
3 22 23 46
1 0 0 0
I
3 1 29 34
1 0 1 0
I
3 7 8 42
1 0 1 1
I
3 6 9 46
1 1 0 0
I
3 16 21 25
1 0 1 1
I
3 34 42 44
1 0 0 1
I
3 8 10 31
1 1 1 1
I
3 21 46 47
1 0 1 0
I
3 2 11 38
1 0 0 0
I
3 23 32 37
1 1 0 0
I
3 9 12 38
1 0 0 1
I
3 6 15 23
1 0 0 0
I
3 5 22 49
1 0 1 1
I
3 7 17 30
1 0 1 1
I
3 14 21 24
1 1 1 1
I
3 3 40 47
1 1 1 0
I
3 12 32 34
1 1 1 1
I
3 2 7 30
1 0 1 1
I
3 7 10 14
1 0 1 0
I
3 1 23 50
1 1 0 0
I
3 2 17 36
1 1 1 0
I
3 9 24 26
1 1 1 0
I
3 24 28 29
1 1 1 0
I
3 13 19 36
1 1 1 0
I
3 12 35 36
1 0 0 1
I
3 1 21 43
1 1 1 0
I
3 8 29 31
1 1 1 0
I
3 7 27 28
1 0 1 0
I
3 12 26 31
1 0 0 0
I
3 35 46 47
1 1 1 0
I
3 25 35 46
1 0 1 1
I
3 1 18 41
1 0 1 1
I
3 2 23 29
1 0 0 1
I
3 22 41 49
1 1 0 0
I
3 32 33 48
1 1 0 1
I
3 10 37 44
1 0 1 1
I
3 1 11 31
1 1 0 1
I
3 10 30 48
1 1 0 0
I
3 2 4 22
1 0 0 0
I
3 2 37 44
1 1 0 0
I
3 13 20 31
1 1 0 0
I
3 12 42 47
1 0 0 1
I
3 32 40 48
1 1 0 0
I
3 2 3 6
1 0 0 0
I
3 6 13 44
1 0 0 0
I
3 36 37 46
1 1 1 1
I
3 7 39 44
1 0 0 1
I
3 23 33 43
1 0 0 0
I
3 25 26 31
1 1 1 1
I
3 3 27 44
1 0 1 0
I
3 38 45 46
1 1 1 1
I
3 32 38 40
1 1 1 0
I
3 10 36 38
1 1 0 0
I
3 6 35 36
1 1 0 0
I
3 18 27 45
1 1 1 1
I
3 23 24 37
1 0 0 1
I
3 3 23 47
1 1 0 0
I
3 40 47 48
1 0 1 0
I
3 27 41 44
1 0 1 0
I
3 35 39 43
1 0 0 1
I
3 4 24 34
1 1 1 1
I
3 3 5 7
1 1 0 0
I
3 8 11 22
1 1 0 1
I
3 17 20 30
1 0 1 0
I
3 22 29 48
1 1 0 1
I
3 9 25 42
1 0 0 1
I
3 8 11 33
1 0 0 1
I
3 1 22 42
1 1 1 0
I
3 7 19 47
1 1 0 0
I
3 9 21 36
1 1 0 1
