75
2 0 1
2 0 1
2 0 1
2 0 1
2 0 1
2 0 1
2 0 1
2 0 1
2 0 1
2 0 1
2 0 1
2 0 1
2 0 1
2 0 1
2 0 1
2 0 1
2 0 1
2 0 1
2 0 1
2 0 1
2 0 1
2 0 1
2 0 1
2 0 1
2 0 1
2 0 1
2 0 1
2 0 1
2 0 1
2 0 1
2 0 1
2 0 1
2 0 1
2 0 1
2 0 1
2 0 1
2 0 1
2 0 1
2 0 1
2 0 1
2 0 1
2 0 1
2 0 1
2 0 1
2 0 1
2 0 1
2 0 1
2 0 1
2 0 1
2 0 1
2 0 1
2 0 1
2 0 1
2 0 1
2 0 1
2 0 1
2 0 1
2 0 1
2 0 1
2 0 1
2 0 1
2 0 1
2 0 1
2 0 1
2 0 1
2 0 1
2 0 1
2 0 1
2 0 1
2 0 1
2 0 1
2 0 1
2 0 1
2 0 1
2 0 1
325
I
3 17 21 52
1 0 0 1
I
3 19 21 23
1 1 1 1
I
3 17 27 71
1 0 1 0
I
3 40 51 53
1 0 0 0
I
3 5 47 50
1 1 1 1
I
3 15 57 70
1 1 0 1
I
3 28 31 65
1 1 0 0
I
3 43 44 59
1 1 0 0
I
3 1 2 56
1 1 0 0
I
3 30 52 55
1 1 1 0
I
3 24 34 52
1 1 0 1
I
3 8 15 33
1 1 1 0
I
3 11 29 47
1 0 0 0
I
3 11 50 72
1 1 1 0
I
3 1 43 53
1 0 1 0
I
3 21 24 50
1 1 1 1
I
3 11 59 67
1 0 1 1
I
3 18 40 61
1 0 1 1
I
3 4 7 67
1 1 1 1
I
3 37 54 64
1 0 0 1
I
3 33 54 57
1 0 0 0
I
3 10 16 29
1 0 0 0
I
3 34 36 55
1 0 1 0
I
3 16 22 68
1 0 0 1
I
3 16 26 73
1 1 0 1
I
3 11 21 66
1 1 1 0
I
3 27 39 61
1 1 1 0
I
3 33 39 73
1 1 1 0
I
3 9 23 75
1 0 0 0
I
3 15 37 62
1 1 0 0
I
3 25 47 73
1 0 0 1
I
3 35 40 60
1 1 0 0
I
3 2 4 18
1 0 1 1
I
3 22 61 73
1 0 0 0
I
3 1 44 47
1 0 1 1
I
3 7 39 59
1 0 0 0
I
3 6 10 60
1 0 1 0
I
3 8 22 31
1 0 1 1
I
3 12 70 73
1 1 0 1
I
3 9 13 66
1 0 1 0
I
3 4 16 37
1 0 0 1
I
3 6 30 41
1 1 1 0
I
3 15 29 58
1 0 1 1
I
3 16 47 66
1 1 1 1
I
3 39 50 69
1 1 1 1
I
3 3 12 28
1 0 0 0
I
3 31 61 75
1 0 1 0
I
3 53 58 62
1 0 1 1
I
3 2 45 74
1 1 0 1
I
3 15 52 57
1 1 1 1
I
3 66 72 75
1 0 0 0
I
3 23 37 51
1 1 0 1
I
3 25 43 66
1 1 0 1
I
3 35 51 67
1 0 0 0
I
3 20 30 67
1 1 0 1
I
3 27 37 40
1 0 1 0
I
3 8 56 70
1 1 0 0
I
3 5 7 12
1 1 1 1
I
3 1 15 32
1 1 1 1
I
3 2 68 70
1 1 1 0
I
3 31 55 75
1 1 0 1
I
3 6 47 68
1 0 0 1
I
3 15 29 52
1 1 0 0
I
3 23 64 69
1 1 0 1
I
3 37 62 68
1 1 1 1
I
3 14 18 44
1 0 0 1
I
3 2 50 61
1 1 1 0
I
3 37 41 67
1 1 0 1
I
3 50 54 68
1 1 1 1
I
3 25 58 73
1 0 1 0
I
3 22 23 55
1 1 1 1
I
3 33 41 46
1 0 0 0
I
3 3 39 75
1 1 0 0
I
3 41 46 67
1 0 1 0
I
3 27 28 30
1 1 0 0
I
3 9 52 56
1 1 0 0
I
3 15 46 60
1 1 0 0
I
3 19 41 58
1 0 1 1
I
3 12 27 48
1 1 1 0
I
3 2 8 18
1 0 1 1
I
3 3 6 65
1 0 1 0
I
3 5 35 48
1 1 0 1
I
3 7 16 64
1 0 1 1
I
3 21 61 68
1 0 0 1
I
3 43 51 68
1 1 0 0
I
3 28 45 69
1 0 1 1
I
3 18 25 73
1 0 0 1
I
3 13 20 35
1 1 1 0
I
3 8 15 23
1 1 1 0
I
3 16 24 28
1 1 1 0
I
3 22 40 74
1 0 0 0
I
3 16 28 54
1 1 0 0
I
3 5 29 47
1 1 0 0
I
3 32 37 55
1 1 0 1
I
3 19 33 37
1 1 0 1
I
3 2 48 68
1 0 0 0
I
3 25 40 42
1 0 1 0
I
3 15 29 45
1 1 1 1
I
3 5 9 34
1 1 1 0
I
3 18 49 58
1 1 0 0
I
3 8 10 56
1 0 0 1
I
3 15 23 61
1 0 1 0
I
3 35 40 60
1 0 0 0
I
3 7 21 52
1 0 1 1
I
3 16 35 56
1 0 1 0
I
3 22 23 51
1 0 1 1
I
3 8 28 68
1 1 0 0
I
3 33 55 68
1 1 0 0
I
3 15 31 66
1 0 0 1
I
3 45 46 51
1 1 0 0
I
3 7 25 67
1 1 0 1
I
3 2 19 61
1 0 0 1
I
3 28 35 59
1 0 1 1
I
3 57 67 70
1 0 0 1
I
3 50 57 59
1 0 1 1
I
3 3 9 67
1 0 0 1
I
3 29 55 58
1 0 0 1
I
3 19 43 65
1 1 0 1
I
3 8 39 67
1 1 0 0
I
3 7 60 73
1 1 1 0
I
3 19 53 65
1 0 0 1
I
3 11 25 68
1 1 1 1
I
3 12 62 63
1 1 0 0
I
3 40 65 70
1 0 1 0
I
3 15 34 70
1 0 0 1
I
3 40 49 63
1 1 0 0
I
3 12 46 54
1 0 1 0
I
3 17 20 31
1 1 1 1
I
3 15 56 63
1 1 1 1
I
3 5 13 45
1 0 1 0
I
3 3 10 17
1 0 1 0
I
3 11 28 29
1 1 1 0
I
3 41 50 62
1 1 1 0
I
3 36 51 58
1 0 0 0
I
3 26 35 57
1 1 1 0
I
3 13 15 58
1 1 0 0
I
3 49 54 60
1 0 0 1
I
3 9 24 36
1 1 0 0
I
3 2 21 59
1 1 1 0
I
3 31 67 74
1 0 1 1
I
3 23 35 61
1 0 0 1
I
3 39 58 65
1 0 0 1
I
3 13 28 45
1 1 0 1
I
3 3 21 67
1 1 1 0
I
3 30 36 72
1 0 1 0
I
3 22 31 61
1 0 1 0
I
3 41 67 69
1 1 1 1
I
3 11 32 55
1 1 0 1
I
3 12 49 70
1 1 1 0
I
3 20 31 72
1 1 1 1
I
3 55 57 70
1 0 1 1
I
3 3 52 54
1 1 0 0
I
3 10 30 46
1 0 1 0
I
3 7 13 50
1 0 1 0
I
3 3 46 60
1 1 0 1
I
3 5 36 53
1 0 0 0
I
3 9 19 73
1 1 1 0
I
3 6 30 37
1 1 1 0
I
3 12 19 73
1 1 0 0
I
3 1 3 8
1 1 0 0
I
3 34 38 47
1 1 1 0
I
3 11 28 53
1 0 0 0
I
3 34 35 52
1 0 0 0
I
3 22 51 53
1 0 1 0
I
3 12 25 38
1 0 0 0
I
3 53 64 66
1 1 1 0
I
3 24 56 72
1 1 1 1
I
3 2 21 25
1 0 1 1
I
3 13 33 60
1 1 1 0
I
3 25 44 52
1 1 0 1
I
3 25 48 58
1 0 0 1
I
3 2 47 74
1 1 0 1
I
3 13 49 75
1 0 0 0
I
3 14 51 70
1 1 1 0
I
3 11 45 75
1 1 1 1
I
3 31 57 75
1 0 1 0
I
3 18 30 48
1 0 0 1
I
3 13 51 69
1 1 1 1
I
3 31 55 59
1 0 1 0
I
3 25 40 57
1 0 0 1
I
3 1 9 39
1 0 1 1
I
3 25 50 66
1 1 1 0
I
3 3 56 62
1 1 0 0
I
3 16 26 70
1 0 1 1
I
3 10 13 75
1 0 1 1
I
3 1 32 46
1 0 0 0
I
3 9 50 51
1 0 0 0
I
3 10 12 21
1 1 1 0
I
3 43 57 59
1 1 1 0
I
3 12 27 38
1 0 0 1
I
3 27 38 45
1 0 1 1
I
3 29 38 72
1 0 1 0
I
3 2 30 35
1 1 1 1
I
3 9 18 25
1 1 0 0
I
3 20 28 57
1 1 0 1
I
3 6 25 70
1 0 0 1
I
3 8 20 61
1 0 0 1
I
3 13 19 57
1 1 1 0
I
3 4 50 68
1 0 1 1
I
3 4 19 33
1 1 1 0
I
3 18 40 46
1 1 1 0
I
3 1 36 48
1 0 0 1
I
3 30 45 71
1 0 0 1
I
3 21 43 54
1 0 0 1
I
3 8 15 26
1 1 0 0
I
3 33 44 48
1 0 0 0
I
3 22 48 55
1 0 0 0
I
3 26 51 60
1 0 0 1
I
3 25 39 54
1 0 1 0
I
3 37 51 63
1 0 0 0
I
3 14 46 62
1 1 1 0
I
3 29 46 61
1 1 1 0
I
3 26 44 64
1 0 1 0
I
3 4 16 55
1 1 1 0
I
3 6 30 46
1 0 1 1
I
3 54 61 73
1 1 1 1
I
3 14 22 44
1 1 0 0
I
3 15 49 67
1 1 0 0
I
3 17 22 25
1 1 0 0
I
3 3 45 46
1 0 1 0
I
3 26 57 63
1 0 0 1
I
3 2 4 53
1 0 0 1
I
3 6 47 56
1 0 1 1
I
3 11 66 73
1 0 0 0
I
3 47 55 57
1 1 0 0
I
3 14 35 51
1 1 1 1
I
3 18 21 52
1 0 0 1
I
3 27 47 74
1 0 0 0
I
3 1 10 22
1 0 0 0
I
3 17 21 71
1 1 1 1
I
3 9 20 61
1 1 1 0
I
3 1 11 12
1 0 0 0
I
3 4 33 47
1 0 0 1
I
3 28 32 54
1 1 1 1
I
3 9 25 51
1 0 1 0
I
3 17 40 59
1 1 0 0
I
3 24 29 71
1 1 0 0
I
3 15 37 60
1 1 1 1
I
3 16 17 46
1 1 1 0
I
3 1 44 47
1 0 1 1
I
3 23 32 69
1 0 1 1
I
3 2 24 49
1 1 1 0
I
3 11 48 61
1 1 0 1
I
3 24 47 66
1 1 1 1
I
3 15 26 58
1 0 0 0
I
3 30 37 71
1 0 0 1
I
3 18 23 60
1 1 0 0
I
3 9 20 48
1 0 1 1
I
3 23 31 49
1 1 0 0
I
3 5 21 57
1 0 1 1
I
3 11 47 55
1 1 1 0
I
3 5 32 51
1 1 0 1
I
3 8 25 40
1 1 0 1
I
3 23 39 70
1 0 1 0
I
3 17 28 52
1 0 0 0
I
3 13 16 74
1 0 1 1
I
3 20 40 65
1 0 1 1
I
3 22 26 68
1 0 0 1
I
3 16 51 54
1 0 1 1
I
3 23 46 56
1 1 1 0
I
3 12 71 74
1 0 1 1
I
3 32 47 61
1 1 0 0
I
3 30 39 50
1 1 0 1
I
3 24 25 38
1 1 1 0
I
3 32 53 69
1 0 1 1
I
3 13 37 73
1 1 0 0
I
3 15 41 53
1 1 1 1
I
3 12 14 74
1 1 1 1
I
3 51 67 68
1 0 1 0
I
3 22 28 41
1 1 1 0
I
3 25 29 67
1 1 1 0
I
3 23 60 75
1 1 0 1
I
3 7 69 74
1 1 1 1
I
3 36 37 43
1 0 1 0
I
3 15 29 72
1 1 0 1
I
3 8 41 48
1 0 1 0
I
3 2 30 34
1 0 1 0
I
3 17 20 48
1 0 0 1
I
3 1 2 41
1 0 1 0
I
3 12 42 45
1 1 0 1
I
3 18 26 29
1 1 1 1
I
3 24 25 62
1 1 0 0
I
3 1 31 51
1 0 1 0
I
3 16 21 58
1 1 1 0
I
3 1 9 72
1 0 0 1
I
3 13 59 72
1 0 1 0
I
3 17 27 30
1 1 0 1
I
3 10 45 71
1 0 0 1
I
3 35 48 51
1 0 1 0
I
3 26 35 59
1 1 1 1
I
3 40 44 67
1 0 1 1
I
3 7 22 38
1 1 0 0
I
3 18 40 73
1 0 1 1
I
3 10 40 72
1 1 1 1
I
3 34 55 65
1 0 0 0
I
3 25 49 72
1 0 1 0
I
3 40 43 46
1 1 0 0
I
3 7 35 36
1 0 0 1
I
3 54 67 69
1 1 1 1
I
3 25 30 60
1 0 1 1
I
3 3 41 74
1 1 0 0
I
3 12 42 44
1 0 0 1
I
3 2 56 66
1 0 1 1
I
3 39 57 64
1 0 0 1
I
3 12 47 51
1 1 1 0
I
3 25 50 61
1 0 1 1
I
3 30 40 70
1 0 1 0
I
3 37 48 58
1 0 0 1
I
3 7 16 74
1 0 1 1
I
3 18 25 45
1 1 0 0
I
3 13 45 71
1 1 1 1
I
3 33 60 67
1 0 0 1
I
3 17 35 51
1 1 1 1
I
3 2 42 59
1 1 1 0
I
3 7 16 63
1 1 0 0
I
3 22 53 73
1 0 1 1
I
3 5 41 61
1 0 1 0
I
3 22 35 73
1 1 0 1
I
3 2 58 62
1 1 1 1
I
3 4 56 75
1 1 0 0
I
3 30 31 73
1 0 1 1
I
3 8 25 56
1 0 1 1
I
3 30 34 47
1 0 1 1
I
3 12 27 69
1 1 1 1
I
3 24 57 71
1 1 1 1
